,Fecha,Producto,Cantidad,Precio Unitario,Total Venta,Meses
0,2023-01-17,Electrónica,7,200,1400,1
1,2023-09-01,Electrónica,8,200,1600,9
2,2023-07-29,Juguetes,3,30,90,7
3,2023-10-04,Alimentos,4,10,40,10
4,2023-02-28,Electrónica,6,200,1200,2
5,2023-03-11,Ropa,9,50,450,3
6,2023-11-03,Juguetes,4,30,120,11
7,2023-11-08,Ropa,9,50,450,11
8,2023-03-22,Ropa,10,50,500,3
9,2023-09-29,Ropa,1,50,50,9
10,2023-09-12,Alimentos,2,10,20,9
11,2023-01-25,Juguetes,3,30,90,1
12,2023-11-21,Alimentos,3,10,30,11
13,2023-05-27,Alimentos,2,10,20,5
14,2023-01-19,Juguetes,10,30,300,1
15,2023-12-05,Libros,4,20,80,12
16,2023-06-05,Alimentos,6,10,60,6
17,2023-05-19,Libros,10,20,200,5
18,2023-01-20,Alimentos,9,10,90,1
19,2023-06-18,Electrónica,9,200,1800,6
20,2023-11-21,Alimentos,1,10,10,11
21,2023-05-01,Electrónica,10,200,2000,5
22,2023-02-10,Juguetes,1,30,30,2
23,2023-07-27,Libros,3,20,60,7
24,2023-09-13,Alimentos,8,10,80,9
25,2023-09-11,Juguetes,6,30,180,9
26,2023-12-10,Libros,1,20,20,12
27,2023-07-23,Libros,1,20,20,7
28,2023-01-17,Libros,9,20,180,1
29,2023-05-19,Ropa,10,50,500,5
30,2023-05-09,Juguetes,8,30,240,5
31,2023-02-21,Juguetes,8,30,240,2
32,2023-06-01,Alimentos,1,10,10,6
33,2023-04-02,Ropa,6,50,300,4
34,2023-08-21,Libros,3,20,60,8
35,2023-09-12,Juguetes,1,30,30,9
36,2023-02-17,Libros,6,20,120,2
37,2023-11-19,Electrónica,4,200,800,11
38,2023-06-28,Electrónica,8,200,1600,6
39,2023-03-20,Juguetes,2,30,60,3
40,2023-06-01,Juguetes,4,30,120,6
41,2023-11-19,Electrónica,10,200,2000,11
42,2023-10-18,Ropa,4,50,200,10
43,2023-04-11,Alimentos,6,10,60,4
44,2023-10-20,Alimentos,4,10,40,10
45,2023-11-20,Juguetes,8,30,240,11
46,2023-05-04,Alimentos,6,10,60,5
47,2023-08-08,Electrónica,10,200,2000,8
48,2023-01-07,Libros,4,20,80,1
49,2023-12-05,Electrónica,1,200,200,12
50,2023-03-18,Libros,7,20,140,3
51,2023-06-07,Electrónica,2,200,400,6
52,2023-05-17,Juguetes,6,30,180,5
53,2023-08-20,Libros,4,20,80,8
54,2023-06-01,Ropa,4,50,200,6
55,2023-12-23,Ropa,5,50,250,12
56,2023-11-11,Alimentos,1,10,10,11
57,2023-09-28,Libros,8,20,160,9
58,2023-08-04,Alimentos,9,10,90,8
59,2023-02-14,Libros,4,20,80,2
60,2023-08-12,Juguetes,6,30,180,8
61,2023-10-09,Juguetes,6,30,180,10
62,2023-11-08,Libros,5,20,100,11
63,2023-08-24,Ropa,3,50,150,8
64,2023-10-17,Juguetes,9,30,270,10
65,2023-07-26,Libros,10,20,200,7
66,2023-08-13,Electrónica,10,200,2000,8
67,2023-10-18,Libros,3,20,60,10
68,2023-08-18,Libros,8,20,160,8
69,2023-09-17,Electrónica,6,200,1200,9
70,2023-10-14,Ropa,9,50,450,10
71,2023-11-07,Ropa,7,50,350,11
72,2023-03-06,Juguetes,2,30,60,3
73,2023-07-31,Ropa,2,50,100,7
74,2023-06-28,Libros,8,20,160,6
75,2023-01-12,Electrónica,4,200,800,1
76,2023-09-15,Juguetes,6,30,180,9
77,2023-12-03,Ropa,6,50,300,12
78,2023-06-15,Electrónica,5,200,1000,6
79,2023-12-09,Electrónica,4,200,800,12
80,2023-05-03,Alimentos,8,10,80,5
81,2023-07-02,Juguetes,4,30,120,7
82,2023-12-18,Libros,5,20,100,12
83,2023-08-06,Electrónica,6,200,1200,8
84,2023-06-15,Alimentos,10,10,100,6
85,2023-08-25,Juguetes,1,30,30,8
86,2023-08-11,Juguetes,1,30,30,8
87,2023-01-30,Electrónica,10,200,2000,1
88,2023-06-05,Electrónica,6,200,1200,6
89,2023-06-12,Electrónica,1,200,200,6
90,2023-04-26,Electrónica,7,200,1400,4
91,2023-07-09,Ropa,7,50,350,7
92,2023-07-30,Ropa,5,50,250,7
93,2023-10-19,Libros,5,20,100,10
94,2023-11-09,Juguetes,7,30,210,11
95,2023-11-13,Electrónica,9,200,1800,11
96,2023-07-14,Electrónica,8,200,1600,7
97,2023-01-02,Electrónica,5,200,1000,1
98,2023-05-20,Juguetes,3,30,90,5
99,2023-01-05,Alimentos,8,10,80,1
100,2023-01-02,Libros,10,20,200,1
101,2023-12-24,Ropa,8,50,400,12
102,2023-02-24,Juguetes,1,30,30,2
103,2023-08-12,Libros,2,20,40,8
104,2023-01-21,Ropa,3,50,150,1
105,2023-01-09,Alimentos,9,10,90,1
106,2023-07-30,Juguetes,1,30,30,7
107,2023-07-20,Electrónica,9,200,1800,7
108,2023-03-05,Alimentos,2,10,20,3
109,2023-08-09,Juguetes,2,30,60,8
110,2023-12-11,Alimentos,6,10,60,12
111,2023-05-22,Libros,1,20,20,5
112,2023-07-22,Electrónica,5,200,1000,7
113,2023-06-03,Libros,1,20,20,6
114,2023-09-02,Juguetes,5,30,150,9
115,2023-08-12,Alimentos,10,10,100,8
116,2023-07-14,Ropa,10,50,500,7
117,2023-10-12,Alimentos,3,10,30,10
118,2023-05-25,Libros,9,20,180,5
119,2023-09-15,Libros,3,20,60,9
120,2023-01-18,Ropa,10,50,500,1
121,2023-01-25,Ropa,10,50,500,1
122,2023-09-07,Electrónica,7,200,1400,9
123,2023-02-07,Electrónica,4,200,800,2
124,2023-10-26,Ropa,3,50,150,10
125,2023-04-14,Libros,8,20,160,4
126,2023-03-05,Alimentos,5,10,50,3
127,2023-12-15,Juguetes,7,30,210,12
128,2023-09-14,Juguetes,3,30,90,9
129,2023-10-12,Juguetes,1,30,30,10
130,2023-07-18,Alimentos,7,10,70,7
131,2023-07-27,Juguetes,2,30,60,7
132,2023-05-25,Electrónica,6,200,1200,5
133,2023-10-03,Electrónica,6,200,1200,10
134,2023-11-27,Libros,3,20,60,11
135,2023-06-24,Libros,10,20,200,6
136,2023-03-05,Juguetes,3,30,90,3
137,2023-06-29,Ropa,3,50,150,6
138,2023-02-24,Libros,4,20,80,2
139,2023-01-30,Electrónica,3,200,600,1
140,2023-10-04,Juguetes,2,30,60,10
141,2023-10-06,Ropa,3,50,150,10
142,2023-06-24,Electrónica,7,200,1400,6
143,2023-04-20,Ropa,7,50,350,4
144,2023-03-10,Electrónica,2,200,400,3
145,2023-01-05,Ropa,3,50,150,1
146,2023-05-29,Juguetes,7,30,210,5
147,2023-08-08,Juguetes,1,30,30,8
148,2023-08-09,Juguetes,9,30,270,8
149,2023-12-18,Ropa,1,50,50,12
150,2023-09-17,Alimentos,7,10,70,9
151,2023-02-05,Alimentos,5,10,50,2
152,2023-10-24,Alimentos,7,10,70,10
153,2023-10-17,Electrónica,3,200,600,10
154,2023-12-28,Ropa,5,50,250,12
155,2023-11-05,Electrónica,7,200,1400,11
156,2023-07-08,Juguetes,5,30,150,7
157,2023-01-31,Ropa,1,50,50,1
158,2023-07-17,Alimentos,5,10,50,7
159,2023-08-13,Alimentos,7,10,70,8
160,2023-10-05,Juguetes,4,30,120,10
161,2023-10-08,Ropa,8,50,400,10
162,2023-07-13,Juguetes,2,30,60,7
163,2023-01-14,Alimentos,10,10,100,1
164,2023-03-19,Electrónica,6,200,1200,3
165,2023-06-01,Alimentos,2,10,20,6
166,2023-03-17,Ropa,1,50,50,3
167,2023-01-10,Juguetes,5,30,150,1
168,2023-11-21,Juguetes,9,30,270,11
169,2023-12-14,Juguetes,1,30,30,12
170,2023-05-19,Libros,8,20,160,5
171,2023-02-26,Electrónica,4,200,800,2
172,2023-06-09,Libros,2,20,40,6
173,2023-01-07,Libros,2,20,40,1
174,2023-10-04,Libros,1,20,20,10
175,2023-04-15,Alimentos,10,10,100,4
176,2023-10-02,Juguetes,10,30,300,10
177,2023-07-01,Alimentos,8,10,80,7
178,2023-12-27,Ropa,8,50,400,12
179,2023-10-24,Ropa,10,50,500,10
180,2023-01-22,Electrónica,4,200,800,1
181,2023-02-03,Alimentos,4,10,40,2
182,2023-09-23,Libros,8,20,160,9
183,2023-05-28,Juguetes,5,30,150,5
184,2023-08-19,Alimentos,8,10,80,8
185,2023-11-22,Alimentos,7,10,70,11
186,2023-12-23,Ropa,1,50,50,12
187,2023-12-12,Juguetes,7,30,210,12
188,2023-06-29,Alimentos,10,10,100,6
189,2023-06-27,Juguetes,10,30,300,6
190,2023-11-26,Libros,8,20,160,11
191,2023-06-22,Juguetes,3,30,90,6
192,2023-05-17,Juguetes,7,30,210,5
193,2023-07-23,Ropa,9,50,450,7
194,2023-08-29,Electrónica,3,200,600,8
195,2023-05-21,Alimentos,6,10,60,5
196,2023-07-31,Ropa,5,50,250,7
197,2023-03-05,Ropa,1,50,50,3
198,2023-10-26,Juguetes,1,30,30,10
199,2023-04-10,Alimentos,5,10,50,4
200,2023-01-26,Electrónica,10,200,2000,1
201,2023-12-13,Ropa,10,50,500,12
202,2023-01-19,Electrónica,10,200,2000,1
203,2023-07-09,Electrónica,3,200,600,7
204,2023-10-01,Alimentos,2,10,20,10
205,2023-08-19,Electrónica,8,200,1600,8
206,2023-07-03,Alimentos,2,10,20,7
207,2023-08-19,Electrónica,2,200,400,8
208,2023-08-01,Libros,3,20,60,8
209,2023-04-03,Alimentos,1,10,10,4
210,2023-07-08,Ropa,8,50,400,7
211,2023-08-27,Electrónica,2,200,400,8
212,2023-02-11,Libros,3,20,60,2
213,2023-11-19,Juguetes,2,30,60,11
214,2023-01-06,Libros,1,20,20,1
215,2023-05-30,Electrónica,5,200,1000,5
216,2023-07-12,Juguetes,3,30,90,7
217,2023-06-26,Electrónica,4,200,800,6
218,2023-12-01,Ropa,7,50,350,12
219,2023-04-21,Electrónica,5,200,1000,4
220,2023-12-02,Electrónica,6,200,1200,12
221,2023-05-14,Juguetes,8,30,240,5
222,2023-01-02,Libros,6,20,120,1
223,2023-04-27,Electrónica,3,200,600,4
224,2023-09-07,Libros,9,20,180,9
225,2023-08-03,Electrónica,6,200,1200,8
226,2023-03-06,Ropa,2,50,100,3
227,2023-07-04,Electrónica,3,200,600,7
228,2023-09-20,Juguetes,3,30,90,9
229,2023-09-26,Alimentos,10,10,100,9
230,2023-11-09,Ropa,1,50,50,11
231,2023-07-08,Ropa,3,50,150,7
232,2023-09-14,Electrónica,1,200,200,9
233,2023-07-05,Juguetes,4,30,120,7
234,2023-11-05,Libros,6,20,120,11
235,2023-07-14,Alimentos,6,10,60,7
236,2023-08-17,Libros,4,20,80,8
237,2023-12-06,Electrónica,9,200,1800,12
238,2023-06-02,Libros,8,20,160,6
239,2023-02-28,Electrónica,5,200,1000,2
240,2023-04-24,Libros,10,20,200,4
241,2023-09-04,Libros,5,20,100,9
242,2023-10-05,Alimentos,7,10,70,10
243,2023-01-05,Ropa,1,50,50,1
244,2023-03-01,Electrónica,4,200,800,3
245,2023-08-09,Electrónica,8,200,1600,8
246,2023-09-01,Ropa,7,50,350,9
247,2023-07-12,Alimentos,7,10,70,7
248,2023-07-12,Ropa,6,50,300,7
249,2023-01-15,Ropa,6,50,300,1
250,2023-12-06,Juguetes,1,30,30,12
251,2023-10-24,Juguetes,10,30,300,10
252,2023-05-01,Alimentos,2,10,20,5
253,2023-11-21,Libros,8,20,160,11
254,2023-03-06,Ropa,4,50,200,3
255,2023-04-08,Juguetes,9,30,270,4
256,2023-04-19,Juguetes,9,30,270,4
257,2023-04-30,Electrónica,7,200,1400,4
258,2023-01-27,Libros,1,20,20,1
259,2023-03-30,Libros,5,20,100,3
260,2023-10-23,Libros,3,20,60,10
262,2023-03-11,Juguetes,1,30,30,3
263,2023-04-04,Juguetes,5,30,150,4
264,2023-12-19,Juguetes,9,30,270,12
265,2023-05-01,Libros,2,20,40,5
266,2023-12-23,Electrónica,4,200,800,12
267,2023-08-22,Libros,2,20,40,8
268,2023-01-09,Ropa,9,50,450,1
269,2023-09-18,Ropa,10,50,500,9
270,2023-07-28,Libros,2,20,40,7
271,2023-07-26,Electrónica,7,200,1400,7
272,2023-10-29,Libros,4,20,80,10
273,2023-11-04,Juguetes,8,30,240,11
274,2023-07-14,Alimentos,4,10,40,7
275,2023-08-09,Libros,8,20,160,8
276,2023-09-19,Juguetes,4,30,120,9
277,2023-02-07,Alimentos,8,10,80,2
278,2023-03-19,Juguetes,3,30,90,3
279,2023-09-13,Alimentos,5,10,50,9
280,2023-12-27,Libros,4,20,80,12
281,2023-04-10,Ropa,5,50,250,4
282,2023-06-30,Electrónica,7,200,1400,6
283,2023-01-31,Electrónica,7,200,1400,1
284,2023-11-29,Alimentos,7,10,70,11
285,2023-08-12,Alimentos,6,10,60,8
286,2023-02-14,Ropa,3,50,150,2
287,2023-12-02,Juguetes,6,30,180,12
288,2023-08-05,Juguetes,10,30,300,8
289,2023-07-21,Alimentos,5,10,50,7
290,2023-05-22,Libros,10,20,200,5
291,2023-05-17,Alimentos,1,10,10,5
292,2023-09-28,Electrónica,6,200,1200,9
293,2023-07-20,Electrónica,7,200,1400,7
294,2023-03-16,Electrónica,1,200,200,3
295,2023-05-08,Electrónica,2,200,400,5
296,2023-07-21,Ropa,3,50,150,7
297,2023-09-27,Electrónica,8,200,1600,9
298,2023-08-24,Electrónica,7,200,1400,8
299,2023-07-30,Juguetes,7,30,210,7
300,2023-06-27,Libros,7,20,140,6
301,2023-12-14,Juguetes,6,30,180,12
302,2023-05-02,Alimentos,3,10,30,5
303,2023-10-06,Libros,7,20,140,10
304,2023-12-13,Alimentos,9,10,90,12
305,2023-08-10,Ropa,7,50,350,8
306,2023-09-22,Electrónica,5,200,1000,9
307,2023-09-03,Electrónica,7,200,1400,9
308,2023-05-04,Electrónica,5,200,1000,5
309,2023-02-10,Alimentos,3,10,30,2
310,2023-06-13,Alimentos,1,10,10,6
311,2023-07-27,Electrónica,6,200,1200,7
312,2023-04-08,Libros,1,20,20,4
313,2023-02-07,Alimentos,1,10,10,2
314,2023-02-23,Alimentos,10,10,100,2
315,2023-08-20,Libros,9,20,180,8
316,2023-02-12,Alimentos,8,10,80,2
317,2023-11-03,Ropa,2,50,100,11
318,2023-05-27,Electrónica,10,200,2000,5
320,2023-12-03,Alimentos,5,10,50,12
321,2023-12-28,Alimentos,9,10,90,12
322,2023-07-21,Ropa,10,50,500,7
323,2023-08-29,Electrónica,6,200,1200,8
324,2023-12-20,Libros,5,20,100,12
325,2023-02-19,Electrónica,4,200,800,2
327,2023-07-02,Juguetes,3,30,90,7
328,2023-12-03,Alimentos,1,10,10,12
329,2023-05-11,Electrónica,7,200,1400,5
330,2023-03-29,Libros,9,20,180,3
331,2023-10-29,Juguetes,2,30,60,10
332,2023-04-23,Juguetes,10,30,300,4
333,2023-07-25,Juguetes,7,30,210,7
334,2023-12-05,Electrónica,9,200,1800,12
335,2023-07-10,Alimentos,10,10,100,7
336,2023-11-13,Libros,9,20,180,11
337,2023-07-26,Ropa,10,50,500,7
338,2023-08-29,Electrónica,8,200,1600,8
339,2023-01-11,Libros,8,20,160,1
340,2023-12-20,Juguetes,4,30,120,12
341,2023-03-25,Libros,7,20,140,3
342,2023-03-23,Ropa,8,50,400,3
343,2023-05-18,Juguetes,5,30,150,5
344,2023-08-02,Electrónica,2,200,400,8
345,2023-12-11,Ropa,5,50,250,12
346,2023-02-01,Juguetes,9,30,270,2
347,2023-12-12,Alimentos,10,10,100,12
348,2023-02-09,Electrónica,10,200,2000,2
349,2023-12-24,Libros,8,20,160,12
350,2023-09-06,Alimentos,6,10,60,9
351,2023-08-28,Ropa,6,50,300,8
352,2023-01-15,Ropa,2,50,100,1
353,2023-05-04,Ropa,1,50,50,5
354,2023-06-29,Ropa,4,50,200,6
355,2023-04-29,Libros,6,20,120,4
356,2023-10-28,Alimentos,10,10,100,10
357,2023-01-30,Juguetes,10,30,300,1
358,2023-02-19,Alimentos,4,10,40,2
359,2023-02-01,Electrónica,10,200,2000,2
360,2023-09-04,Ropa,1,50,50,9
362,2023-04-29,Alimentos,8,10,80,4
364,2023-04-03,Ropa,7,50,350,4
365,2023-12-13,Juguetes,8,30,240,12
366,2023-07-11,Alimentos,10,10,100,7
367,2023-07-01,Electrónica,1,200,200,7
368,2023-04-01,Ropa,7,50,350,4
369,2023-06-30,Ropa,1,50,50,6
370,2023-01-27,Ropa,7,50,350,1
371,2023-11-26,Juguetes,8,30,240,11
372,2023-08-17,Alimentos,5,10,50,8
373,2023-11-03,Alimentos,9,10,90,11
374,2023-01-01,Alimentos,3,10,30,1
375,2023-07-20,Alimentos,4,10,40,7
376,2023-04-21,Electrónica,7,200,1400,4
377,2023-08-10,Libros,9,20,180,8
378,2023-06-18,Alimentos,9,10,90,6
379,2023-07-16,Electrónica,9,200,1800,7
380,2023-01-19,Libros,7,20,140,1
381,2023-05-15,Alimentos,6,10,60,5
382,2023-08-02,Electrónica,1,200,200,8
384,2023-08-05,Electrónica,4,200,800,8
385,2023-05-13,Electrónica,7,200,1400,5
386,2023-09-11,Electrónica,7,200,1400,9
387,2023-12-20,Juguetes,2,30,60,12
388,2023-11-12,Libros,1,20,20,11
389,2023-09-05,Alimentos,1,10,10,9
390,2023-11-29,Juguetes,3,30,90,11
391,2023-09-30,Electrónica,9,200,1800,9
392,2023-09-27,Libros,7,20,140,9
393,2023-11-27,Alimentos,1,10,10,11
394,2023-06-28,Libros,6,20,120,6
395,2023-12-09,Juguetes,5,30,150,12
396,2023-11-26,Libros,7,20,140,11
397,2023-10-08,Electrónica,7,200,1400,10
398,2023-06-04,Libros,3,20,60,6
399,2023-03-09,Ropa,1,50,50,3
400,2023-07-10,Libros,6,20,120,7
401,2023-05-14,Libros,5,20,100,5
402,2023-08-30,Libros,5,20,100,8
403,2023-02-27,Ropa,10,50,500,2
404,2023-11-26,Libros,6,20,120,11
405,2023-03-13,Ropa,6,50,300,3
406,2023-06-11,Alimentos,9,10,90,6
407,2023-05-18,Electrónica,3,200,600,5
409,2023-01-04,Ropa,5,50,250,1
410,2023-05-05,Ropa,5,50,250,5
411,2023-04-22,Libros,7,20,140,4
412,2023-04-02,Juguetes,9,30,270,4
413,2023-04-17,Juguetes,8,30,240,4
414,2023-03-06,Ropa,7,50,350,3
415,2023-09-26,Juguetes,7,30,210,9
416,2023-03-23,Alimentos,5,10,50,3
417,2023-02-03,Electrónica,10,200,2000,2
418,2023-04-09,Juguetes,8,30,240,4
419,2023-10-05,Alimentos,10,10,100,10
420,2023-10-26,Libros,4,20,80,10
421,2023-03-31,Alimentos,6,10,60,3
422,2023-10-26,Alimentos,8,10,80,10
423,2023-05-08,Electrónica,6,200,1200,5
424,2023-10-21,Libros,2,20,40,10
425,2023-03-21,Electrónica,3,200,600,3
426,2023-12-30,Electrónica,3,200,600,12
427,2023-03-18,Alimentos,1,10,10,3
428,2023-05-19,Electrónica,7,200,1400,5
429,2023-06-24,Alimentos,9,10,90,6
430,2023-07-20,Electrónica,3,200,600,7
431,2023-08-01,Electrónica,4,200,800,8
432,2023-05-17,Ropa,6,50,300,5
433,2023-08-22,Electrónica,10,200,2000,8
434,2023-07-07,Alimentos,7,10,70,7
435,2023-03-26,Libros,6,20,120,3
436,2023-05-18,Juguetes,4,30,120,5
437,2023-11-05,Alimentos,6,10,60,11
438,2023-08-24,Juguetes,6,30,180,8
439,2023-12-12,Electrónica,2,200,400,12
440,2023-02-17,Alimentos,9,10,90,2
441,2023-07-28,Alimentos,10,10,100,7
442,2023-04-20,Juguetes,1,30,30,4
443,2023-08-08,Ropa,2,50,100,8
444,2023-05-27,Libros,10,20,200,5
445,2023-10-09,Alimentos,4,10,40,10
446,2023-11-09,Libros,5,20,100,11
447,2023-12-13,Ropa,6,50,300,12
448,2023-08-12,Ropa,8,50,400,8
449,2023-03-22,Juguetes,9,30,270,3
450,2023-09-08,Alimentos,7,10,70,9
451,2023-03-28,Juguetes,8,30,240,3
452,2023-08-01,Ropa,10,50,500,8
453,2023-09-07,Alimentos,10,10,100,9
455,2023-11-30,Alimentos,1,10,10,11
456,2023-08-14,Electrónica,10,200,2000,8
457,2023-09-27,Electrónica,3,200,600,9
458,2023-07-17,Juguetes,8,30,240,7
459,2023-05-01,Juguetes,3,30,90,5
460,2023-04-27,Ropa,2,50,100,4
461,2023-06-30,Juguetes,3,30,90,6
462,2023-06-19,Electrónica,9,200,1800,6
463,2023-10-23,Juguetes,9,30,270,10
464,2023-03-21,Alimentos,10,10,100,3
465,2023-10-31,Juguetes,9,30,270,10
466,2023-10-01,Libros,6,20,120,10
467,2023-02-26,Electrónica,2,200,400,2
468,2023-01-15,Libros,9,20,180,1
469,2023-09-29,Juguetes,3,30,90,9
470,2023-09-23,Ropa,8,50,400,9
471,2023-03-07,Juguetes,7,30,210,3
472,2023-05-13,Alimentos,2,10,20,5
473,2023-05-08,Electrónica,9,200,1800,5
474,2023-10-26,Juguetes,7,30,210,10
475,2023-11-02,Libros,6,20,120,11
476,2023-03-01,Ropa,4,50,200,3
477,2023-04-02,Ropa,10,50,500,4
478,2023-01-23,Electrónica,4,200,800,1
479,2023-02-18,Electrónica,2,200,400,2
480,2023-05-14,Electrónica,8,200,1600,5
481,2023-05-26,Alimentos,3,10,30,5
482,2023-06-27,Electrónica,9,200,1800,6
483,2023-03-24,Juguetes,6,30,180,3
484,2023-09-05,Libros,3,20,60,9
485,2023-11-23,Alimentos,4,10,40,11
486,2023-06-08,Ropa,10,50,500,6
487,2023-03-01,Libros,7,20,140,3
488,2023-04-26,Electrónica,3,200,600,4
489,2023-12-17,Electrónica,6,200,1200,12
490,2023-08-28,Libros,6,20,120,8
491,2023-12-22,Ropa,4,50,200,12
493,2023-10-05,Electrónica,2,200,400,10
494,2023-04-25,Electrónica,7,200,1400,4
495,2023-02-10,Libros,10,20,200,2
496,2023-10-31,Alimentos,6,10,60,10
497,2023-10-07,Alimentos,9,10,90,10
498,2023-04-10,Alimentos,8,10,80,4
499,2023-08-10,Ropa,5,50,250,8
500,2023-05-15,Juguetes,10,30,300,5
501,2023-09-06,Juguetes,3,30,90,9
502,2023-11-13,Alimentos,5,10,50,11
503,2023-03-30,Electrónica,1,200,200,3
504,2023-05-14,Electrónica,1,200,200,5
505,2023-05-27,Alimentos,1,10,10,5
506,2023-12-09,Electrónica,7,200,1400,12
507,2023-12-07,Juguetes,6,30,180,12
508,2023-01-12,Libros,3,20,60,1
509,2023-03-30,Ropa,6,50,300,3
510,2023-12-25,Electrónica,1,200,200,12
511,2023-08-08,Ropa,5,50,250,8
512,2023-12-04,Alimentos,3,10,30,12
513,2023-01-25,Electrónica,2,200,400,1
514,2023-05-14,Electrónica,6,200,1200,5
515,2023-05-21,Electrónica,3,200,600,5
516,2023-04-12,Alimentos,3,10,30,4
517,2023-10-19,Electrónica,10,200,2000,10
518,2023-08-11,Electrónica,5,200,1000,8
519,2023-09-05,Juguetes,1,30,30,9
520,2023-05-29,Alimentos,7,10,70,5
521,2023-12-02,Alimentos,3,10,30,12
522,2023-09-10,Libros,3,20,60,9
523,2023-06-04,Juguetes,5,30,150,6
524,2023-09-07,Ropa,3,50,150,9
525,2023-04-11,Alimentos,3,10,30,4
526,2023-04-20,Juguetes,8,30,240,4
527,2023-03-24,Libros,10,20,200,3
528,2023-10-29,Alimentos,8,10,80,10
529,2023-11-08,Juguetes,10,30,300,11
530,2023-10-21,Electrónica,10,200,2000,10
531,2023-09-19,Electrónica,9,200,1800,9
532,2023-09-12,Electrónica,2,200,400,9
533,2023-08-29,Electrónica,2,200,400,8
534,2023-01-24,Electrónica,5,200,1000,1
535,2023-02-18,Libros,7,20,140,2
536,2023-08-30,Ropa,10,50,500,8
537,2023-09-24,Electrónica,1,200,200,9
538,2023-06-11,Electrónica,7,200,1400,6
539,2023-09-22,Libros,3,20,60,9
540,2023-08-09,Alimentos,4,10,40,8
541,2023-10-14,Ropa,2,50,100,10
542,2023-05-03,Electrónica,5,200,1000,5
543,2023-09-20,Electrónica,1,200,200,9
544,2023-03-08,Electrónica,1,200,200,3
545,2023-06-05,Juguetes,6,30,180,6
546,2023-11-20,Electrónica,5,200,1000,11
547,2023-06-25,Electrónica,10,200,2000,6
548,2023-12-31,Electrónica,8,200,1600,12
549,2023-12-08,Electrónica,8,200,1600,12
550,2023-03-20,Ropa,3,50,150,3
551,2023-07-20,Juguetes,7,30,210,7
553,2023-01-08,Electrónica,10,200,2000,1
554,2023-05-26,Alimentos,8,10,80,5
555,2023-05-25,Electrónica,5,200,1000,5
556,2023-01-19,Ropa,7,50,350,1
557,2023-07-08,Libros,1,20,20,7
558,2023-04-24,Ropa,7,50,350,4
559,2023-06-17,Ropa,9,50,450,6
560,2023-07-22,Libros,5,20,100,7
561,2023-03-29,Libros,8,20,160,3
562,2023-02-26,Electrónica,1,200,200,2
563,2023-02-16,Electrónica,1,200,200,2
564,2023-06-04,Juguetes,8,30,240,6
565,2023-10-08,Ropa,3,50,150,10
566,2023-03-26,Ropa,10,50,500,3
567,2023-09-07,Libros,5,20,100,9
568,2023-01-31,Alimentos,8,10,80,1
569,2023-01-12,Juguetes,9,30,270,1
570,2023-12-15,Electrónica,9,200,1800,12
571,2023-03-28,Libros,6,20,120,3
572,2023-06-21,Electrónica,7,200,1400,6
573,2023-07-02,Electrónica,3,200,600,7
574,2023-08-25,Ropa,9,50,450,8
575,2023-04-01,Alimentos,5,10,50,4
576,2023-12-21,Electrónica,4,200,800,12
577,2023-04-05,Libros,5,20,100,4
578,2023-04-04,Electrónica,2,200,400,4
579,2023-08-07,Juguetes,4,30,120,8
580,2023-04-05,Juguetes,2,30,60,4
581,2023-02-05,Electrónica,6,200,1200,2
582,2023-03-15,Ropa,4,50,200,3
583,2023-01-12,Electrónica,10,200,2000,1
584,2023-10-18,Juguetes,2,30,60,10
585,2023-01-27,Ropa,3,50,150,1
586,2023-06-15,Libros,10,20,200,6
587,2023-06-18,Ropa,2,50,100,6
589,2023-10-07,Electrónica,8,200,1600,10
590,2023-06-27,Alimentos,1,10,10,6
591,2023-03-09,Electrónica,7,200,1400,3
592,2023-10-04,Alimentos,2,10,20,10
593,2023-07-25,Ropa,9,50,450,7
594,2023-08-31,Alimentos,8,10,80,8
595,2023-02-01,Libros,1,20,20,2
596,2023-02-19,Libros,3,20,60,2
597,2023-07-10,Electrónica,5,200,1000,7
598,2023-05-15,Electrónica,5,200,1000,5
599,2023-10-13,Ropa,1,50,50,10
600,2023-08-18,Ropa,10,50,500,8
601,2023-09-19,Juguetes,9,30,270,9
602,2023-03-05,Ropa,8,50,400,3
603,2023-09-04,Electrónica,1,200,200,9
604,2023-06-05,Juguetes,8,30,240,6
605,2023-05-20,Ropa,5,50,250,5
606,2023-09-10,Ropa,10,50,500,9
607,2023-03-12,Juguetes,10,30,300,3
608,2023-03-08,Alimentos,3,10,30,3
609,2023-12-12,Libros,10,20,200,12
610,2023-10-07,Juguetes,1,30,30,10
611,2023-01-27,Electrónica,4,200,800,1
612,2023-01-14,Libros,2,20,40,1
613,2023-07-12,Ropa,5,50,250,7
614,2023-11-20,Ropa,1,50,50,11
615,2023-08-10,Libros,7,20,140,8
616,2023-04-20,Juguetes,9,30,270,4
617,2023-01-10,Electrónica,8,200,1600,1
618,2023-04-16,Juguetes,5,30,150,4
619,2023-06-12,Alimentos,8,10,80,6
620,2023-01-27,Ropa,10,50,500,1
621,2023-05-08,Electrónica,3,200,600,5
622,2023-12-19,Libros,10,20,200,12
623,2023-08-28,Ropa,8,50,400,8
624,2023-03-19,Alimentos,7,10,70,3
625,2023-01-26,Ropa,7,50,350,1
626,2023-03-05,Libros,6,20,120,3
627,2023-09-06,Ropa,3,50,150,9
628,2023-07-29,Ropa,1,50,50,7
629,2023-04-27,Alimentos,1,10,10,4
630,2023-06-08,Juguetes,4,30,120,6
631,2023-09-17,Electrónica,3,200,600,9
632,2023-09-02,Alimentos,1,10,10,9
633,2023-02-07,Alimentos,7,10,70,2
634,2023-04-25,Electrónica,2,200,400,4
635,2023-04-20,Ropa,1,50,50,4
636,2023-03-14,Juguetes,7,30,210,3
637,2023-08-28,Alimentos,2,10,20,8
639,2023-04-20,Juguetes,3,30,90,4
640,2023-02-17,Electrónica,4,200,800,2
641,2023-06-17,Libros,2,20,40,6
642,2023-07-04,Electrónica,2,200,400,7
644,2023-01-19,Juguetes,6,30,180,1
645,2023-05-01,Libros,8,20,160,5
646,2023-09-13,Ropa,9,50,450,9
647,2023-10-04,Ropa,5,50,250,10
648,2023-07-29,Libros,4,20,80,7
649,2023-01-05,Ropa,9,50,450,1
650,2023-07-17,Alimentos,3,10,30,7
651,2023-07-09,Libros,4,20,80,7
652,2023-02-04,Alimentos,6,10,60,2
653,2023-03-09,Ropa,3,50,150,3
654,2023-06-18,Ropa,3,50,150,6
655,2023-05-22,Alimentos,9,10,90,5
656,2023-07-19,Ropa,1,50,50,7
657,2023-11-21,Ropa,8,50,400,11
658,2023-08-22,Electrónica,8,200,1600,8
659,2023-05-03,Ropa,4,50,200,5
660,2023-03-02,Libros,2,20,40,3
661,2023-03-21,Juguetes,10,30,300,3
662,2023-03-29,Ropa,4,50,200,3
663,2023-09-13,Juguetes,4,30,120,9
664,2023-05-06,Electrónica,1,200,200,5
665,2023-10-01,Libros,5,20,100,10
666,2023-08-31,Alimentos,9,10,90,8
667,2023-06-12,Juguetes,8,30,240,6
668,2023-01-25,Libros,1,20,20,1
669,2023-07-01,Ropa,5,50,250,7
670,2023-03-28,Libros,4,20,80,3
671,2023-06-21,Electrónica,8,200,1600,6
672,2023-07-15,Juguetes,3,30,90,7
673,2023-02-28,Libros,1,20,20,2
674,2023-06-14,Alimentos,7,10,70,6
675,2023-11-15,Libros,1,20,20,11
676,2023-08-07,Alimentos,5,10,50,8
677,2023-08-19,Ropa,9,50,450,8
678,2023-01-21,Alimentos,1,10,10,1
679,2023-06-29,Ropa,10,50,500,6
680,2023-01-19,Ropa,3,50,150,1
681,2023-11-04,Libros,5,20,100,11
682,2023-05-12,Electrónica,5,200,1000,5
683,2023-05-29,Libros,2,20,40,5
684,2023-08-14,Juguetes,9,30,270,8
685,2023-02-25,Ropa,8,50,400,2
686,2023-04-19,Electrónica,3,200,600,4
687,2023-10-08,Juguetes,6,30,180,10
688,2023-11-25,Juguetes,1,30,30,11
689,2023-05-10,Alimentos,8,10,80,5
690,2023-08-07,Ropa,6,50,300,8
691,2023-12-05,Libros,10,20,200,12
692,2023-09-08,Libros,3,20,60,9
693,2023-05-08,Alimentos,4,10,40,5
694,2023-04-17,Juguetes,5,30,150,4
695,2023-02-04,Libros,2,20,40,2
696,2023-12-30,Ropa,7,50,350,12
697,2023-06-28,Libros,2,20,40,6
698,2023-04-25,Alimentos,9,10,90,4
699,2023-04-11,Juguetes,4,30,120,4
700,2023-10-04,Libros,4,20,80,10
702,2023-06-19,Alimentos,3,10,30,6
703,2023-04-20,Alimentos,3,10,30,4
704,2023-02-19,Libros,1,20,20,2
705,2023-12-16,Libros,10,20,200,12
706,2023-03-31,Alimentos,4,10,40,3
707,2023-10-11,Ropa,10,50,500,10
708,2023-10-22,Juguetes,1,30,30,10
709,2023-10-01,Ropa,2,50,100,10
710,2023-04-10,Ropa,4,50,200,4
711,2023-04-28,Alimentos,4,10,40,4
712,2023-08-15,Electrónica,1,200,200,8
713,2023-11-22,Alimentos,9,10,90,11
714,2023-05-09,Libros,4,20,80,5
715,2023-07-08,Ropa,5,50,250,7
716,2023-08-21,Alimentos,8,10,80,8
717,2023-01-01,Libros,8,20,160,1
718,2023-04-01,Ropa,10,50,500,4
719,2023-08-08,Alimentos,3,10,30,8
720,2023-10-06,Ropa,1,50,50,10
721,2023-12-27,Electrónica,8,200,1600,12
722,2023-07-31,Ropa,8,50,400,7
723,2023-12-18,Alimentos,9,10,90,12
724,2023-12-26,Ropa,7,50,350,12
725,2023-01-27,Juguetes,8,30,240,1
726,2023-01-03,Juguetes,8,30,240,1
727,2023-04-21,Alimentos,3,10,30,4
728,2023-11-20,Alimentos,2,10,20,11
729,2023-03-26,Juguetes,5,30,150,3
730,2023-02-09,Juguetes,10,30,300,2
731,2023-05-14,Electrónica,2,200,400,5
732,2023-11-17,Ropa,2,50,100,11
733,2023-10-22,Juguetes,10,30,300,10
734,2023-12-09,Alimentos,4,10,40,12
735,2023-11-03,Juguetes,3,30,90,11
736,2023-12-10,Alimentos,4,10,40,12
737,2023-07-15,Electrónica,2,200,400,7
738,2023-12-21,Electrónica,6,200,1200,12
739,2023-11-05,Juguetes,4,30,120,11
740,2023-10-15,Ropa,8,50,400,10
741,2023-01-03,Electrónica,9,200,1800,1
742,2023-02-14,Libros,3,20,60,2
743,2023-11-21,Ropa,6,50,300,11
744,2023-03-06,Ropa,3,50,150,3
745,2023-07-12,Libros,7,20,140,7
746,2023-07-20,Alimentos,1,10,10,7
747,2023-03-27,Alimentos,8,10,80,3
748,2023-06-25,Alimentos,6,10,60,6
749,2023-09-20,Juguetes,5,30,150,9
750,2023-10-09,Electrónica,3,200,600,10
751,2023-10-01,Electrónica,9,200,1800,10
752,2023-05-24,Juguetes,4,30,120,5
753,2023-10-21,Alimentos,1,10,10,10
754,2023-12-20,Ropa,5,50,250,12
755,2023-11-01,Alimentos,4,10,40,11
756,2023-04-20,Juguetes,10,30,300,4
757,2023-04-01,Alimentos,4,10,40,4
758,2023-08-19,Libros,10,20,200,8
759,2023-04-04,Libros,8,20,160,4
760,2023-11-09,Ropa,4,50,200,11
761,2023-09-25,Ropa,6,50,300,9
762,2023-04-26,Libros,7,20,140,4
763,2023-11-04,Ropa,9,50,450,11
764,2023-11-22,Juguetes,7,30,210,11
765,2023-04-18,Alimentos,10,10,100,4
766,2023-08-23,Electrónica,5,200,1000,8
767,2023-04-30,Electrónica,2,200,400,4
768,2023-04-13,Ropa,7,50,350,4
769,2023-03-15,Electrónica,9,200,1800,3
770,2023-06-09,Juguetes,9,30,270,6
771,2023-04-10,Libros,9,20,180,4
772,2023-10-09,Libros,6,20,120,10
773,2023-08-30,Ropa,7,50,350,8
774,2023-06-23,Juguetes,1,30,30,6
775,2023-07-29,Juguetes,2,30,60,7
776,2023-09-19,Alimentos,10,10,100,9
777,2023-08-29,Juguetes,10,30,300,8
778,2023-03-05,Alimentos,6,10,60,3
779,2023-10-16,Juguetes,10,30,300,10
780,2023-05-17,Libros,10,20,200,5
781,2023-01-25,Electrónica,7,200,1400,1
782,2023-10-29,Libros,6,20,120,10
783,2023-08-04,Ropa,8,50,400,8
784,2023-01-28,Juguetes,1,30,30,1
785,2023-08-27,Alimentos,10,10,100,8
786,2023-06-27,Juguetes,1,30,30,6
787,2023-03-10,Juguetes,9,30,270,3
788,2023-04-13,Libros,9,20,180,4
789,2023-10-31,Ropa,2,50,100,10
790,2023-09-13,Libros,1,20,20,9
791,2023-10-29,Ropa,6,50,300,10
792,2023-09-28,Alimentos,9,10,90,9
793,2023-08-30,Alimentos,5,10,50,8
794,2023-01-08,Alimentos,5,10,50,1
795,2023-08-05,Alimentos,2,10,20,8
796,2023-01-12,Juguetes,5,30,150,1
798,2023-04-12,Juguetes,3,30,90,4
799,2023-08-11,Alimentos,6,10,60,8
800,2023-06-17,Alimentos,9,10,90,6
802,2023-08-08,Electrónica,8,200,1600,8
803,2023-01-18,Juguetes,3,30,90,1
804,2023-01-16,Libros,1,20,20,1
805,2023-10-05,Electrónica,1,200,200,10
806,2023-06-22,Alimentos,9,10,90,6
807,2023-01-12,Electrónica,7,200,1400,1
808,2023-12-16,Electrónica,5,200,1000,12
809,2023-08-03,Juguetes,3,30,90,8
810,2023-02-08,Libros,4,20,80,2
811,2023-10-19,Ropa,8,50,400,10
812,2023-09-10,Libros,4,20,80,9
813,2023-08-24,Libros,6,20,120,8
814,2023-02-28,Ropa,8,50,400,2
815,2023-12-23,Alimentos,10,10,100,12
816,2023-12-10,Alimentos,6,10,60,12
817,2023-12-30,Electrónica,4,200,800,12
818,2023-03-13,Libros,9,20,180,3
819,2023-09-05,Alimentos,10,10,100,9
820,2023-02-20,Alimentos,5,10,50,2
821,2023-11-28,Juguetes,7,30,210,11
822,2023-08-26,Libros,5,20,100,8
823,2023-03-05,Ropa,7,50,350,3
824,2023-03-12,Juguetes,7,30,210,3
825,2023-11-29,Alimentos,10,10,100,11
827,2023-10-25,Alimentos,10,10,100,10
828,2023-02-11,Juguetes,5,30,150,2
829,2023-05-21,Alimentos,8,10,80,5
830,2023-10-21,Electrónica,4,200,800,10
832,2023-07-22,Juguetes,4,30,120,7
833,2023-08-03,Juguetes,6,30,180,8
834,2023-10-11,Juguetes,7,30,210,10
835,2023-02-21,Electrónica,9,200,1800,2
836,2023-03-11,Alimentos,8,10,80,3
837,2023-10-04,Juguetes,3,30,90,10
838,2023-10-26,Juguetes,10,30,300,10
840,2023-11-03,Electrónica,9,200,1800,11
841,2023-04-14,Juguetes,9,30,270,4
842,2023-05-01,Libros,4,20,80,5
843,2023-11-26,Alimentos,1,10,10,11
844,2023-10-11,Ropa,5,50,250,10
845,2023-08-21,Ropa,2,50,100,8
846,2023-05-11,Alimentos,7,10,70,5
847,2023-07-20,Libros,5,20,100,7
848,2023-06-23,Electrónica,3,200,600,6
849,2023-08-29,Juguetes,7,30,210,8
850,2023-03-13,Ropa,4,50,200,3
851,2023-05-16,Juguetes,5,30,150,5
852,2023-06-15,Juguetes,1,30,30,6
853,2023-10-09,Electrónica,4,200,800,10
854,2023-08-25,Ropa,7,50,350,8
856,2023-04-07,Juguetes,5,30,150,4
857,2023-10-23,Alimentos,4,10,40,10
858,2023-11-30,Alimentos,2,10,20,11
859,2023-04-26,Alimentos,6,10,60,4
860,2023-01-04,Ropa,6,50,300,1
861,2023-08-14,Ropa,1,50,50,8
862,2023-01-16,Alimentos,5,10,50,1
863,2023-09-24,Alimentos,2,10,20,9
864,2023-01-08,Electrónica,2,200,400,1
865,2023-08-14,Ropa,4,50,200,8
866,2023-05-14,Electrónica,9,200,1800,5
867,2023-01-03,Alimentos,8,10,80,1
868,2023-03-30,Libros,4,20,80,3
869,2023-01-24,Electrónica,8,200,1600,1
870,2023-09-11,Electrónica,3,200,600,9
871,2023-08-31,Libros,8,20,160,8
872,2023-07-15,Electrónica,6,200,1200,7
873,2023-01-27,Juguetes,3,30,90,1
874,2023-09-12,Ropa,8,50,400,9
875,2023-09-27,Alimentos,1,10,10,9
876,2023-08-10,Alimentos,7,10,70,8
877,2023-03-02,Juguetes,10,30,300,3
878,2023-01-27,Alimentos,9,10,90,1
879,2023-03-03,Libros,3,20,60,3
880,2023-03-20,Juguetes,6,30,180,3
881,2023-02-06,Juguetes,2,30,60,2
882,2023-03-22,Libros,5,20,100,3
883,2023-11-08,Electrónica,4,200,800,11
884,2023-01-23,Ropa,7,50,350,1
885,2023-02-17,Electrónica,7,200,1400,2
886,2023-11-16,Ropa,10,50,500,11
887,2023-09-20,Libros,9,20,180,9
888,2023-10-17,Ropa,2,50,100,10
889,2023-07-21,Libros,2,20,40,7
890,2023-06-16,Alimentos,4,10,40,6
891,2023-09-27,Alimentos,8,10,80,9
892,2023-06-05,Alimentos,3,10,30,6
893,2023-02-13,Libros,10,20,200,2
894,2023-04-05,Ropa,10,50,500,4
895,2023-01-03,Ropa,5,50,250,1
896,2023-12-31,Libros,8,20,160,12
897,2023-05-04,Alimentos,4,10,40,5
898,2023-03-29,Electrónica,3,200,600,3
899,2023-02-24,Ropa,7,50,350,2
900,2023-05-14,Ropa,5,50,250,5
901,2023-02-02,Alimentos,7,10,70,2
902,2023-01-11,Electrónica,5,200,1000,1
903,2023-01-07,Juguetes,4,30,120,1
904,2023-06-29,Libros,4,20,80,6
905,2023-07-16,Libros,5,20,100,7
906,2023-02-13,Ropa,2,50,100,2
907,2023-12-19,Alimentos,3,10,30,12
908,2023-03-18,Libros,6,20,120,3
910,2023-04-07,Libros,1,20,20,4
911,2023-08-31,Alimentos,7,10,70,8
912,2023-05-30,Ropa,8,50,400,5
913,2023-07-16,Ropa,9,50,450,7
914,2023-07-03,Libros,5,20,100,7
915,2023-03-26,Juguetes,7,30,210,3
916,2023-01-11,Alimentos,6,10,60,1
917,2023-12-03,Electrónica,5,200,1000,12
918,2023-03-30,Alimentos,10,10,100,3
919,2023-04-14,Libros,2,20,40,4
920,2023-04-29,Alimentos,4,10,40,4
921,2023-02-05,Alimentos,4,10,40,2
922,2023-12-07,Alimentos,9,10,90,12
923,2023-11-20,Electrónica,9,200,1800,11
924,2023-12-29,Juguetes,9,30,270,12
925,2023-07-08,Juguetes,2,30,60,7
926,2023-06-09,Juguetes,7,30,210,6
927,2023-10-07,Juguetes,5,30,150,10
928,2023-11-29,Ropa,5,50,250,11
929,2023-03-23,Electrónica,3,200,600,3
930,2023-03-27,Juguetes,7,30,210,3
931,2023-03-23,Electrónica,1,200,200,3
932,2023-01-01,Alimentos,2,10,20,1
933,2023-03-04,Electrónica,4,200,800,3
935,2023-12-26,Electrónica,6,200,1200,12
937,2023-12-13,Electrónica,2,200,400,12
938,2023-05-25,Alimentos,8,10,80,5
939,2023-05-11,Libros,9,20,180,5
940,2023-08-12,Juguetes,5,30,150,8
941,2023-10-31,Alimentos,8,10,80,10
942,2023-09-05,Libros,5,20,100,9
943,2023-04-07,Juguetes,6,30,180,4
945,2023-06-22,Electrónica,7,200,1400,6
947,2023-06-14,Ropa,5,50,250,6
948,2023-10-14,Libros,1,20,20,10
949,2023-02-09,Electrónica,2,200,400,2
950,2023-06-08,Libros,3,20,60,6
951,2023-07-10,Juguetes,5,30,150,7
952,2023-12-17,Libros,9,20,180,12
953,2023-08-29,Alimentos,9,10,90,8
954,2023-08-20,Alimentos,2,10,20,8
955,2023-12-20,Ropa,9,50,450,12
956,2023-01-08,Ropa,7,50,350,1
957,2023-08-19,Alimentos,2,10,20,8
958,2023-05-26,Libros,3,20,60,5
959,2023-02-09,Electrónica,1,200,200,2
960,2023-08-06,Libros,9,20,180,8
961,2023-02-28,Electrónica,9,200,1800,2
962,2023-02-14,Electrónica,8,200,1600,2
963,2023-02-25,Libros,8,20,160,2
964,2023-09-14,Alimentos,4,10,40,9
965,2023-01-28,Ropa,8,50,400,1
967,2023-08-23,Libros,8,20,160,8
968,2023-09-24,Juguetes,4,30,120,9
969,2023-05-12,Alimentos,9,10,90,5
970,2023-05-06,Juguetes,9,30,270,5
971,2023-05-07,Electrónica,8,200,1600,5
972,2023-07-23,Alimentos,2,10,20,7
973,2023-05-23,Alimentos,4,10,40,5
974,2023-05-04,Alimentos,7,10,70,5
975,2023-08-24,Ropa,6,50,300,8
976,2023-04-09,Electrónica,10,200,2000,4
977,2023-01-05,Electrónica,2,200,400,1
978,2023-06-07,Libros,9,20,180,6
979,2023-01-10,Alimentos,2,10,20,1
980,2023-08-10,Libros,6,20,120,8
981,2023-08-30,Ropa,3,50,150,8
982,2023-01-23,Libros,5,20,100,1
983,2023-06-15,Juguetes,5,30,150,6
984,2023-01-24,Libros,7,20,140,1
985,2023-12-02,Libros,5,20,100,12
986,2023-09-27,Ropa,6,50,300,9
987,2023-08-26,Juguetes,2,30,60,8
988,2023-05-06,Libros,7,20,140,5
989,2023-12-06,Alimentos,10,10,100,12
990,2023-09-11,Alimentos,6,10,60,9
991,2023-01-31,Ropa,4,50,200,1
992,2023-03-22,Libros,1,20,20,3
993,2023-08-12,Alimentos,9,10,90,8
994,2023-10-29,Juguetes,4,30,120,10
995,2023-04-27,Alimentos,2,10,20,4
996,2023-06-09,Ropa,10,50,500,6
998,2023-03-28,Electrónica,6,200,1200,3
999,2023-03-07,Electrónica,4,200,800,3
1000,2023-08-25,Electrónica,5,200,1000,8
1001,2023-08-14,Alimentos,9,10,90,8
1002,2023-08-30,Ropa,6,50,300,8
1003,2023-11-09,Alimentos,2,10,20,11
1004,2023-10-26,Ropa,8,50,400,10
1005,2023-12-01,Juguetes,2,30,60,12
1006,2023-05-16,Electrónica,4,200,800,5
1007,2023-02-09,Libros,1,20,20,2
1008,2023-01-09,Electrónica,2,200,400,1
1009,2023-05-03,Electrónica,6,200,1200,5
1010,2023-11-30,Electrónica,5,200,1000,11
1011,2023-10-26,Electrónica,1,200,200,10
1012,2023-08-22,Juguetes,3,30,90,8
1013,2023-06-05,Electrónica,1,200,200,6
1014,2023-10-02,Juguetes,6,30,180,10
1015,2023-01-25,Electrónica,3,200,600,1
1016,2023-05-20,Ropa,4,50,200,5
1018,2023-12-20,Ropa,2,50,100,12
1019,2023-04-10,Ropa,8,50,400,4
1020,2023-05-19,Juguetes,5,30,150,5
1021,2023-02-03,Electrónica,4,200,800,2
1022,2023-03-04,Ropa,5,50,250,3
1023,2023-11-12,Juguetes,7,30,210,11
1024,2023-05-22,Libros,7,20,140,5
1025,2023-11-19,Ropa,4,50,200,11
1026,2023-07-31,Alimentos,6,10,60,7
1027,2023-10-11,Ropa,6,50,300,10
1028,2023-12-09,Juguetes,4,30,120,12
1029,2023-03-06,Libros,9,20,180,3
1030,2023-03-27,Alimentos,1,10,10,3
1031,2023-04-23,Ropa,9,50,450,4
1032,2023-05-26,Electrónica,6,200,1200,5
1033,2023-01-20,Juguetes,5,30,150,1
1034,2023-03-22,Alimentos,9,10,90,3
1035,2023-02-26,Libros,9,20,180,2
1037,2023-11-18,Ropa,3,50,150,11
1038,2023-06-20,Libros,8,20,160,6
1039,2023-06-06,Libros,3,20,60,6
1040,2023-05-02,Alimentos,5,10,50,5
1041,2023-08-07,Electrónica,9,200,1800,8
1042,2023-11-18,Juguetes,8,30,240,11
1043,2023-01-17,Juguetes,8,30,240,1
1044,2023-10-10,Libros,6,20,120,10
1045,2023-09-11,Juguetes,10,30,300,9
1046,2023-01-03,Juguetes,10,30,300,1
1047,2023-11-07,Alimentos,3,10,30,11
1048,2023-08-20,Electrónica,6,200,1200,8
1049,2023-07-21,Juguetes,3,30,90,7
